11.11.24
3 номер
7641
7053
6852
6850
6707
9 номер
7635
7548
6819
6725
6723
18 номер
7430
7217
6762
6494
6224
22 номер
7624
7529
7433
7375
7372
18.11.24
19-21 номера
7568
7382
6254
6647
7678
13 номера
7632
7607
7522
7042
262
7287
7018
7280
6907
7024
23 номера
7120
5216
7623
7530
7222*	
7225
7212
7207
7124
7098
2 номера
7534
7642
6708
6615*
6690
25 номера
7622
7504
7189
6836*
6785*
25.11.2024
1 номера
7643
7531
7393
7001
6614
7 номера
7637
7543
6909
6814
7645*
8 номера
7636
7517
7398
7173
7697*
10 номера
7634
7519
6821
6629
7326*
12 номера
7554
7309
7305
7303
7419*
15 номера
7560
7424
7266
7262
7259
6 номера
7460
7410
7368
7365*
6813
6713
6711
6575
6441
6176
2.12.2024
17 номера
7627
7563
7080
6831
6643
6601
6490
6387
6184
6295
4 номера
7640
7455
7056
6939
6938
5 номера
7639
7514
7407
7385
7667
11 номера
7665
7633
7315
7312
6822
14 номера
3689
7677
7631
7276
7629
19-21 номера
6496
7384
6603
4109
4207
24 номера
7495
7223
6837
5643
7496
