2	361	
1,387102904	2,891729704	2,69936814
2,980036414	0,228828486	0,526100873
1,371246188	1,714369195	2,091061786
3,465391223	1,173317917	2,738369871
2,458624508	4,109240765	1,168488017
0,75179351	3,238498213	0,338509151
3,175874935	0,623070543	0,717476614
2,611802688	1,155983244	2,987598903
2,235117481	1,870964244	2,533031052
0,952390746	5,369272658	0,974130312
2,348449961	0,152087091	5,016529686
2,804977742	0,068482067	0,582422951
2,083638524	0,360299306	5,583866174
0,834128405	2,847335239	2,17008987
1,027453754	3,619040571	0,945188497
2,097084141	0,662192537	3,431607868
2,780225723	0,961097421	4,13893999
1,55371163	1,357661461	4,766819818
0,555106081	1,678914062	2,854094512
2,590001171	0,002299376	6,026869484
2,329110868	5,246391312	0,229700137
2,238462533	0,247547119	3,733130227
1,654429082	0,75997396	3,328410676
1,255508758	0,182473662	0,36657717
2,189123565	1,564355897	3,161812865
0,732147588	0,46545669	3,765917031
1,073150704	2,203601865	1,828168457
1,060359287	0,296605417	1,187113778
1,816063694	1,318178516	4,034158256
1,086910355	2,471883967	3,749255123
1,998103296	2,263089589	1,187262275
1,631781885	3,332504941	2,240835873
1,917724136	2,089171335	3,162437681
0,717712262	1,534785286	0,106437127
0,841623736	0,423613652	5,264977941
3,243306294	0,844411164	3,07390934
1,359851008	2,234315339	2,501786969
0,52911092	5,697204344	0,026588811
0,345295562	1,125650909	2,502250334
3,271090765	2,515004248	2,070891699
2,452338294	1,844207545	1,766195747
2,287003524	3,628398689	2,693577025
1,489094507	1,220036446	4,262571082
0,943344324	1,873949196	0,76904362
1,374305865	0,883621158	3,697295345
1,662784905	1,233870979	3,500702948
1,86277677	3,085189529	0,96638805
2,758138173	2,500342444	0,647436542
2,540852504	2,538093801	3,12501402
3,088983095	2,722942231	2,906765375
1,564003325	0,910332488	4,810969628
0,35419317	0,803984521	2,299496663
1,806134656	2,801620025	3,222577527
2,338570173	1,083026985	4,787881346
3,051334365	3,221184917	1,850747633
0,570095366	1,41895913	2,611999993
2,103535798	0,874500197	3,476315166
2,918277863	0,985695844	1,870413459
3,456934913	0,22490356	3,22764123
2,297218188	4,96581763	0,827800913
1,643759276	0,976768633	2,587527218
3,404441823	0,901103781	3,230045996
1,126641932	0,206046106	4,434545838
2,178252829	4,214728432	2,383201847
2,658138157	0,993361502	4,952990088
2,316410506	2,744126346	0,656652249
1,819074671	0,882514931	5,273194997
3,220102442	0,635580133	1,111855923
1,442663816	2,676291615	1,190834111
0,410487246	0,428465476	2,934873599
1,29648376	0,01444873	1,130893886
1,48114806	1,819351332	3,909834148
2,951465053	0,935107867	2,636168954
3,051854959	0,589347019	3,933656923
2,674837314	4,323972472	0,980203273
1,643189323	3,287454432	0,190191473
1,342227433	6,331052238	0,319902761
2,905850081	2,234511217	2,42786857
1,57302478	3,152675572	0,528714293
0,825780702	0,882205921	4,158829652
2,693906578	3,16154956	0,081506475
1,339379133	3,551133886	2,787692724
3,391182319	0,348927596	0,831592511
0,151708769	2,969639499	1,659713856
3,514348192	0,775661979	2,777520269
2,06104239	0,005517256	6,267703855
2,840197442	1,995818994	2,555791469
0,744317636	0,133171384	5,536837627
1,691983118	2,871037554	2,182237295
0,143678701	3,584410583	0,067755899
2,770360429	2,354852498	2,623892549
1,518157989	4,278273886	0,210580713
2,939041172	3,252269466	0,557019809
1,280323088	2,037847774	0,94414457
1,261638451	2,560596296	1,341839949
1,382272959	2,77606348	1,443713201
2,65793017	1,864632542	3,84644371
1,820080632	4,529918398	0,189933568
2,625488688	0,064166203	4,498642061
0,859936274	2,752774749	3,476785465
1,757425718	0,965639222	1,330226778
1,514146906	1,20301774	2,773824558
0,390247255	1,033351041	1,3341488
1,939399041	2,270318916	2,108746494
0,998245182	2,00490531	1,645105153
3,425426557	2,99589488	0,693320038
1,966112116	3,617923083	0,821652605
1,343429405	0,013740268	5,713606029
1,279156173	0,981008469	5,556860704
2,304835389	0,330324737	6,226885565
2,19502177	1,298804247	2,41632888
2,513841077	1,429540382	4,647259723
1,398701141	3,80513477	2,502964664
3,347690542	0,804381605	3,430887595
2,250102756	2,809305448	0,302790191
0,488564584	2,829575482	0,186675456
0,624470986	0,804841306	0,194027532
1,408650378	1,583619182	2,432664825
0,570182613	3,752802778	0,30986853
2,08823809	3,719319134	0,350745844
1,242477626	4,402748612	0,35748038
0,186820326	0,459502244	0,995020943
2,469317698	0,616115954	2,435369602
1,430045102	0,040532054	1,860838647
0,674998233	1,200024434	0,679547591
1,898846536	3,119970837	3,364625734
1,387230978	2,095141156	3,30436919
2,814506723	1,230621847	4,081512674
1,306891969	1,084046327	4,731977734
3,562581608	1,050854805	1,673920256
3,177122285	0,093326524	3,071169196
2,227975875	2,068355647	2,538021223
1,306274343	3,853076132	2,61517845
0,345350017	0,084574732	4,351931921
2,199685288	1,323205437	0,973395147
3,487791922	2,074359392	1,746328088
1,060237159	0,235671327	6,094346864
2,987663933	4,488352821	0,000888595
3,062416878	0,272044093	2,156160882
3,011776979	0,43013177	3,23282388
2,280997499	3,06500098	0,141765917
2,406619647	1,837318959	1,900607827
1,059555911	0,275223638	6,206145809
2,490820733	0,041993082	2,189979217
2,279267295	1,084087716	0,63387581
2,052959678	0,685376113	3,854987361
2,809268635	1,064916239	3,337385959
1,388504885	0,806818027	0,666775475
1,059220392	1,108626328	3,586747768
3,372569014	2,346860325	0,84186214
0,318846817	1,953374086	1,317281698
0,683960357	0,959678137	2,830581827
0,970714316	3,222350041	1,224880704
3,085716244	2,169911516	3,024047058
3,439518774	0,847562145	0,21291574
2,382989226	2,982773582	0,549679693
2,753385591	4,868061874	0,594537688
1,536910291	0,068771235	3,059717763
1,916394538	1,366241715	3,725355354
1,678741301	4,08207664	1,869508619
2,957863837	2,614314276	2,697394916
3,505555441	1,225066615	1,618189374
1,284134498	1,573313168	4,184470878
2,149346828	3,551168784	0,388875258
3,476959422	1,648763294	0,745852742
0,288566299	3,512308046	1,304503984
0,4007658	2,151412046	2,011701149
3,062703137	0,848571081	0,88699206
2,382200108	0,110988869	1,681878038
2,72889764	1,703506667	2,044567942
2,546035272	3,262046102	2,666419904
1,802976729	1,62101263	4,446767163
1,162151899	2,59471087	1,350277593
0,38481615	2,834317946	1,605657802
1,569608807	1,646608964	4,749516104
0,336076766	1,961079695	0,347949836
0,447203706	1,259208415	1,220100753
0,816772155	0,032568407	2,107504617
0,738785802	3,430412189	2,654368051
3,230270602	3,322300821	0,808897239
1,353420985	2,228746244	4,175681122
0,047092692	2,104337073	0,804247793
1,74845441	4,337208424	1,60512158
2,358247404	0,126914974	0,051200992
1,287185998	4,415612966	0,859073298
0,244796067	1,635069642	3,443492339
1,214092257	0,043508237	0,732610519
1,140803756	1,886335621	1,850014353
0,267514138	2,143991691	0,874643394
0,250322265	1,418530248	1,957605258
0,568638967	1,785880075	4,005353736
1,610792754	2,876795267	2,572903317
0,604709111	5,746117102	0,146302813
0,27193101	0,080248986	1,838923848
2,743270493	0,777002084	2,256981362
1,188509775	4,119603375	0,630062037
3,510173701	2,380889108	1,6057415
1,839701494	3,201419315	2,735837869
1,85580052	2,553027219	2,501099614
2,397219153	4,091839233	1,454746442
0,689042564	0,954506012	2,716706805
1,196669714	0,375264008	4,647255199
1,968707192	2,846045442	0,368619991
0,972782466	2,055324988	3,85654944
1,24548936	2,556560487	0,320999307
3,298415091	3,174004356	1,344209447
1,566150502	2,565065259	0,420501693
2,197097979	2,869150037	0,913200691
3,032030974	2,414284066	0,410632084
0,597391016	1,463078033	1,79151909
2,739610499	3,306748314	2,488609958
0,507937274	4,849671774	0,101746715
3,446210764	4,021459794	0,480226952
1,144364623	0,095884686	2,221906187
2,460371529	2,185988328	4,232762331
0,165596705	0,151310818	1,749116397
0,162398699	3,856168184	0,971068066
3,11228614	1,828968949	3,298039676
1,617140036	1,338858332	0,007480838
3,431765279	2,09088134	1,746311837
0,371460994	0,996626726	0,567345815
2,306080048	1,431411344	1,593185571
2,901077106	1,780619553	3,236672687
0,581218457	2,877795014	0,237718695
2,553163223	3,073540656	3,184313632
1,920842456	0,519740685	3,273286147
1,86750248	2,624756315	1,79915815
2,498900556	2,838199965	0,002525165
2,55032941	4,895673462	0,905303544
1,53009397	0,839504348	3,600534181
1,612025194	0,840225322	1,742508987
0,383478041	1,111545468	3,321545572
3,077984637	2,67494749	1,491407953
1,596754801	3,212704523	1,433921784
1,494930919	0,423665615	3,857874439
0,700218879	4,087648253	0,676505155
3,659108075	0,244832309	2,694728005
0,758229646	2,646957713	3,448670485
1,654990135	4,397777862	0,012956404
1,443443712	2,024404831	3,011248291
2,680694714	3,234653951	0,872846201
2,713910393	1,504727461	3,14601251
1,112883009	1,052998117	3,708600602
2,460498448	3,394725692	2,852613039
2,312853053	0,740249076	1,830620875
2,006626419	2,145919015	4,493907202
0,694829551	2,464148871	3,19415837
0,673759832	2,204354862	1,50992826
1,979815642	1,487818903	0,941224456
2,811555838	2,103440496	2,461702077
1,526387128	2,954668366	0,024780742
1,772934612	1,376484725	0,829197693
0,377374718	0,721967123	2,676647259
3,123359583	2,364359052	1,895596086
0,489660997	1,377100925	0,082585455
1,67063347	0,379577684	0,544518737
2,954679584	0,320874557	3,52089749
0,445974465	1,521375087	0,032930191
1,208444176	2,839532797	0,856937043
0,523313165	2,855062582	1,411511559
3,036678448	1,458470998	3,09980043
1,123260696	5,228712878	0,876055477
2,123400618	1,208850561	0,325819824
2,854731708	0,252888158	4,546782984
1,725145596	4,591103815	2,014267622
2,506792581	1,214818321	4,800726983
2,487850317	2,612967448	2,873518765
2,481270216	5,647747869	0,241060199
2,270370136	3,918912823	0,822224328
2,772113447	3,166650694	2,636100026
1,989608377	0,747265031	0,775987008
0,129464481	0,307605748	0,519886848
0,005934732	0,563219827	4,015654868
3,416474067	0,6898687	1,127825167
1,994683123	4,365679627	2,195551503
2,404062492	1,82357232	4,376515117
0,327966896	3,115428073	1,68590802
1,021612012	0,18247902	1,250780383
3,422513386	1,299434684	2,327541687
0,13165415	3,679255296	1,570011537
2,496791877	0,193622777	5,394999749
3,110051169	1,173453459	2,822953792
2,559118089	0,746070106	1,844236745
3,503584955	1,279398575	0,004808223
0,444669547	2,472680529	3,248919642
1,664290741	2,366884749	1,687774773
0,788667186	2,894317014	1,52472434
1,366185663	3,470368475	1,56009013
3,019387865	3,921899637	0,452854529
2,261558292	4,242496213	1,692717892
2,226732737	3,621647513	1,121991651
0,191880162	2,933582241	1,324385761
0,610154083	1,095797867	0,054888615
2,434392552	3,150598181	2,257948971
1,703008293	0,560493226	3,326875579
1,664933982	1,000160419	2,308573375
1,951767624	2,058338561	2,652082107
0,865898003	2,524419545	1,635277459
2,484761381	2,92568561	0,214411593
0,094905642	2,992868004	0,41929206
1,465782584	2,525485892	1,589075161
1,014941169	0,013681344	4,536176583
0,854141589	1,254824469	1,6463518
2,853202786	0,130368848	3,105526202
1,391559901	2,146788392	1,157554678
0,727131161	3,70267488	2,41462414
2,42574985	5,519822754	0,802083708
1,445966083	2,401213078	2,495236144
1,052308012	3,752652957	2,520213551
2,75968826	0,437660681	4,637647605
2,997479149	0,112012956	2,971295506
3,320744078	0,977085071	2,547429031
1,021074944	1,799695442	2,531193203
0,948671103	0,231002179	4,247876698
0,587908295	0,873101027	3,252039624
3,423613096	2,980150807	1,229061203
1,115499907	3,133872822	3,15282998
1,912843395	0,352852688	3,022507434
2,404071659	0,404418887	2,303113904
2,708164079	0,549190435	4,608880179
2,136136605	3,438230282	0,533474057
3,16752873	2,33898476	0,733362506
2,455604135	1,695322022	0,245530704
1,730225605	3,627334211	0,209196516
1,09860282	1,416031984	1,103083696
2,946128208	0,293772217	2,767789735
2,643946318	3,779917268	0,38554681
0,350278918	0,481303197	0,020251214
3,367734223	2,976331638	1,106354959
0,610916346	3,263378526	0,417488005
1,138446315	1,587139331	3,031872408
2,435585955	1,298298425	3,858643104
2,165373904	3,518214416	2,920772385
1,21326274	2,693611381	3,847288677
0,206861253	3,775007902	0,244009327
3,439712111	0,046022754	1,758401312
1,8887887	4,114564916	1,079531727
1,542062383	3,308525721	3,417706679
0,800241263	1,732871234	0,104010007
0,119977618	1,175006082	2,518712991
2,09704636	1,308466965	5,31774363
1,055475184	2,743473403	0,149367322
1,616484612	2,417531594	2,798012198
2,17639446	2,066291479	1,636191818
0,364892565	3,808641246	0,751043064
2,092495171	1,46071305	2,315913508
1,610329957	1,834041309	0,747963395
2,290185064	0,750171344	4,637191974
2,826147142	3,455509477	0,695779416
0,665732045	1,603347753	0,568977571
0,640877208	0,584330875	0,611561971
1,225316996	5,208124367	1,17702266
1,557887935	2,74021081	0,119391514
1,514086989	0,071698242	1,938021788
2,260194966	0,902005926	2,466522999
1,745234005	1,316014855	2,037607472
1,998021491	0,888239017	4,941627511
1,497917944	0,213147005	3,144033062
2,832818384	0,516521328	1,148096472
0,165733976	2,631433977	0,991479251
5,796286832	7,197665455	6,980506586
6,430699887	9,924698958	9,022671608
7,24715569	8,662720957	8,447502432
5,075862767	9,112474647	5,403577408
4,060041509	8,138619614	9,939658853
5,008280221	9,199131253	8,17984465
5,980547895	7,220461515	9,539524313
6,788896076	9,003653602	5,022402323
5,332111471	9,534498447	5,690087528
6,055970215	7,175826776	6,241300909
6,293189394	8,788503041	4,662511381
5,477128934	7,897571771	5,85122762
4,731975265	8,65231787	8,17316147
5,220388519	4,607855699	9,498927047
7,040955528	7,973043505	8,449831337
6,57226534	9,020656432	8,291013242
6,008616554	6,162106527	9,76789012
6,598386908	9,622883523	6,07395454
7,435990937	9,76460249	8,662655906
7,447740636	8,72067934	7,128793375
6,490211458	5,102108327	9,363904631
6,577361434	8,593215782	9,967713239
6,63075775	8,454336334	9,643728457
4,392147191	7,568325369	8,051905372
6,697251229	8,362496437	7,326720379
6,908992368	9,298936513	5,267489214
6,220514864	6,55413454	8,761296249
5,114453985	9,580520213	7,403010178
5,193106287	6,784040307	9,783361659
6,806727798	7,175567869	8,197567176
6,987545269	8,939506959	7,228579645
5,738247768	6,743313738	6,802294824
7,142337886	9,628229836	8,327646373
6,67126124	7,489265948	8,897000964
6,490321484	6,603015631	9,603584414
6,657139981	9,445868662	7,4254813
4,693847008	9,114989826	8,936648534
4,230718327	8,12407359	9,817949171
7,676635709	7,675203357	7,902343614
6,353662649	8,344079026	5,531933799
5,461443435	9,998999679	5,584176944
7,2866445	9,518521969	8,941592455
4,964559969	5,683457545	8,438046835
6,412446655	5,288173086	9,871316572
4,452950089	7,70631839	7,857811275
5,839254839	4,461977887	9,501440466
5,780209687	5,518024135	8,651869894
7,251783999	9,326964674	5,847768637
5,540869349	4,897302831	9,641613263
4,376851877	8,308614387	9,555381046
4,961418983	8,17919972	9,288757206
4,430094732	7,920098955	8,7721427
4,194869264	7,780641912	8,798922396
4,791119727	8,459691975	8,128193549
5,638726826	4,797166537	8,945629271
5,071653	9,770275378	5,42680418
6,225715322	4,502457762	9,769820556
5,904602333	9,990598408	5,522008191
4,57866953	9,980951772	9,175310802
6,66528101	5,267781107	8,682333521
6,597517849	8,391698488	8,510367324
6,833891313	7,974922385	9,762414785
5,95053134	5,616711626	9,624632518
4,193267759	8,453098037	7,968493222
5,763169152	4,428126504	9,947924258
5,099302478	5,83082408	9,988962396
5,022989855	5,799353311	9,419033612
5,467594528	8,489985907	5,525014989
6,215547171	9,875966646	3,755003429
4,289974402	9,581086932	8,819538538
6,706777265	7,789821415	6,978207835
4,604382886	8,309915429	6,391998103
7,075238453	9,286452131	4,864484522
4,284575015	6,086579699	9,848535304
5,846193369	8,157946453	9,14987853
7,619747723	6,912600084	9,028001226
4,666298121	8,375072999	9,279257593
7,711233401	9,884848505	7,312715698
5,124261709	8,666946654	5,448489079
4,208487516	8,881532353	7,724069699
6,859241865	9,524321811	8,1930855
6,292628672	3,961016993	9,716201443
6,900301396	7,417871249	7,740180986
6,153366215	9,490117278	8,937433931
4,101315702	9,244935457	8,176841415
4,4152197	7,384064589	8,243760799
6,794346752	7,673817185	7,585422776
5,291731745	8,942264576	5,716718709
5,537962022	8,51224383	6,929898905
7,076751492	9,490444018	6,293645013
6,084068444	7,862120377	9,894014812
5,621364647	9,639973233	6,530988018
4,138178074	9,229728666	8,129113176
4,864071836	6,176068981	9,136595993
5,040926748	6,594010102	9,942939466
4,811187468	5,54246314	8,723428443
4,706814197	6,918267029	8,941156323
6,314826992	7,755239772	5,954035559
5,197510838	8,091078398	5,918326865
5,841369444	5,007035659	9,355887464
4,986897462	8,727319757	9,852767152
7,00327128	7,830831018	9,362690492
7,497309445	9,636444802	7,327818276
6,113597809	9,219646696	6,380789158
7,667938492	9,971044571	9,608321043
4,353529444	8,140120695	9,858033496
5,966665602	6,904270227	8,234602138
7,308477304	6,625121136	9,045670506
6,982323684	9,280909696	7,724922878
7,334435617	9,509895871	9,393192398
4,403729286	5,681864119	9,314251093
6,962579144	8,100411199	8,595507055
5,371393502	6,054271729	9,259606954
6,737603477	9,25917211	4,901145115
5,166098227	8,166206555	8,554579829
7,028494288	7,170324874	8,507791536
6,51474901	5,039519603	9,258382208
6,400077682	8,775353179	5,662137195
4,687764041	7,525768395	8,716271319
6,64603917	8,187053479	6,906534967
5,829700851	7,776752456	6,632836634
6,040771938	8,75821889	5,321143852
5,980680444	8,73313388	7,05362426
4,495303882	6,156293532	9,585735135
7,199437287	4,444050747	9,906513498
7,048976987	6,819823356	9,136796514
5,621056801	8,218511548	8,576425607
4,44887146	9,793330725	7,031108922
7,480030981	7,982056033	9,735270045
6,851826338	5,928086231	8,193401575
6,239634324	8,23286649	7,851268636
4,735032256	8,681619873	5,737191003
4,837758776	6,051774825	9,555301663
6,70341803	9,218226708	8,681800803
6,203460439	6,742477541	9,606716956
4,505604517	9,549208178	9,127642308
5,52434432	6,903082678	6,87925274
5,246748381	8,354938573	7,79125656
5,973304206	8,428719646	9,908320521
6,748533258	9,197904125	5,612181642
7,356300175	7,958275512	6,729903799
5,675984665	7,511325851	7,39981682
7,593384118	9,026444609	7,667571447
7,800007224	9,624768844	6,252147923
5,014414148	9,035922671	5,427561414
5,414705076	6,175981186	8,612444415
5,877060898	9,854847865	9,699966186
7,368021975	7,625828382	7,831757739
7,800632331	9,517281453	6,739038352
5,946390421	8,471104445	5,080387306
5,035363423	7,834440103	6,946594128
5,195134629	5,627108938	9,736989655
6,756528077	8,440722745	9,324408871
6,1315936	9,909142591	6,681910623
7,968257064	9,52096638	7,562322136
5,585334734	9,607976242	7,714084303
7,610602877	8,659560103	8,202070758
4,712911193	7,150070413	9,721282484
4,989487368	9,513758009	9,645155572
7,782673568	8,884023099	9,219860334
7,504052028	9,946840717	9,8506113
6,335037521	6,461961656	7,001008084
4,675014892	7,627768396	7,163602706
6,329763644	7,601550226	6,276079403
6,204369763	7,136684435	6,425647063
7,312479303	8,287388223	6,163249084
7,35345363	9,783946543	5,67458426
5,232682287	7,621443054	9,300204072
7,025450361	4,213701711	9,967381273
4,98027119	8,740771837	7,634354604
7,114541992	9,081215129	6,030221638
6,257524892	9,070557418	9,255198443
6,079379236	6,503068414	9,088390203
6,978573179	9,59595979	9,16411302
5,706745128	7,686409178	9,632520807
6,908005746	5,872084408	9,599668743
5,1292579	9,493344225	9,757616011
5,082070758	6,301039078	9,869795055
5,259199376	9,071270021	8,152034836
7,666039952	9,472619575	7,338842018
4,934982543	6,771912929	9,863664645
4,864688031	6,963709816	8,10112079
6,5232685	9,638739913	8,81531128
7,760934959	9,802336087	5,949626137
7,03087056	8,176308072	6,825958346
5,85351394	9,327369059	8,632030013
4,800637533	9,100998539	8,936823917
7,763632923	6,223744073	9,831707822
7,166752355	9,599485979	4,57599691
4,976142016	8,067074099	9,059551749
5,62454711	9,562726039	6,74374282
4,684353956	6,331449011	9,403934405
5,753309669	9,869083449	4,69250118
5,418611071	8,526478291	5,060041202
4,201385981	7,962950475	9,767073409
4,391392343	9,604066435	8,123565753
5,807011238	9,083085963	5,63224875
5,207952929	8,887272157	9,202314039
4,134090243	9,526681988	7,843022645
7,870527906	7,999003115	8,405089891
5,615259442	8,344375986	6,948660526
7,291710797	8,785430416	5,725740616
4,582214219	8,260178381	9,216460511
6,782421308	9,081024369	6,394931042
6,904322834	5,006541618	9,981038304
7,882745773	9,595601646	6,456440748
6,265756875	9,020674345	8,152332836
6,711924796	8,830020756	9,964967767
6,794325906	7,64528845	6,144058913
5,311022298	9,90812177	3,880278074
6,813223092	5,843533159	9,935436536
7,854716914	7,943186735	8,996337866
7,320189189	9,18008029	8,382969177
6,586781209	8,125218547	9,54594114
7,005954452	7,227923522	8,836405595
4,282757735	9,906941444	7,058683989
5,406565637	5,464151904	8,932573004
7,219989057	6,186144455	9,971872449
7,532029243	9,827197457	8,721902889
7,221757898	9,423498517	6,203268057
4,862000274	9,89249442	9,862090266
7,014697263	9,80384151	4,170816678
6,412512384	8,244537615	8,841249204
5,452544549	6,677647126	9,497745932
6,826299283	9,314233415	8,909431289
5,930661268	9,52558857	6,232253089
5,719273743	7,926513774	6,471657076
4,923282583	6,425204039	7,675351047
5,746139977	5,606569576	8,593052695
5,341294014	7,978415694	9,33360676
5,780317962	7,76330357	9,913069633
5,769361998	4,931449752	8,545670648
7,115873143	7,825500553	9,840575267
6,000934509	8,009772784	8,933900895
6,335853225	9,792508151	4,188233997
6,060850975	7,059689467	8,248765483
6,983629867	9,967072676	4,536909821
7,138143238	6,160263079	9,731324059
4,934178961	9,294692384	4,818086946
6,113549057	9,979750685	8,372485301
5,837736335	4,661821926	9,488984228
6,797185519	9,215475214	6,4895107
7,373516805	8,573981736	6,042779956
7,013478947	6,687474331	9,954311855
5,591442442	7,722413665	7,454781858
4,423046575	9,806415903	5,345108667
5,398794941	8,447344819	8,754993752
6,624334556	9,390482877	7,485294791
5,457120937	5,498077659	9,240312502
5,062193336	8,479502556	8,430036676
6,517336326	7,281170707	8,810462076
6,709257545	7,827616924	7,338858353
4,708454475	9,764029535	6,913230961
6,877007824	9,203610217	8,616974846
5,280181913	8,670438311	9,197741524
4,80545809	9,392982552	5,663714536
6,740437779	8,594722998	6,414411781
5,493158413	9,806769411	9,22357079
5,749765207	9,833173331	5,361260259
6,672044016	5,840897616	8,166211602
6,930354101	8,358690815	7,232816905
7,007699418	9,949364852	8,481181568
5,621061421	9,893332587	8,073551591
4,09913254	7,196270374	9,656796168
5,342170858	7,248319006	7,049524288
5,182285379	9,982051532	9,431915632
5,225149341	8,734618393	7,995373573
5,354134367	8,981656856	5,278609894
7,342739496	8,067192385	9,30446009
6,958467652	5,034517236	9,80669066
6,287318889	3,793354778	9,873168229
5,426000355	6,457818811	9,733437085
4,205102645	9,969005396	7,640001364
6,698957195	7,799858069	7,532884966
6,074977863	5,344005601	8,327467379
6,227323752	9,453803992	8,336983808
5,806830255	6,546942063	9,139172758
6,474656971	5,819248518	9,277466167
7,076208711	9,342184032	5,264016546
4,656751656	6,784583191	8,0036339
4,511584806	9,071235704	8,651723134
5,088021581	8,034906688	6,86608652
5,724651363	7,523676962	8,604150588
5,698196455	7,329405114	9,408014856
6,107628667	3,711201178	9,960513701
5,682376846	5,006069949	8,452411302
4,092008985	6,994400322	9,666537667
5,451114428	7,100836972	7,024633884
6,555688604	7,373716434	9,86452099
4,612363118	9,641507619	5,704858505
5,951729623	6,41380635	7,992249232
7,67989494	6,821852566	8,907207423
4,658627464	7,487032193	7,099958375
4,661228385	8,97087152	5,759208379
6,629911342	6,086381134	7,733949512
4,939860877	9,349349098	7,592993658
5,721705097	9,10105253	7,617787918
6,739404563	9,376437896	9,038934351
6,458288586	6,148965466	8,047570744
6,353666736	9,998764217	5,482164687
5,684559699	8,525181661	5,384448314
6,21573414	7,995571768	7,998246211
6,555504305	6,736281078	9,50628244
5,76755354	7,629350714	5,919446209
5,718769111	9,96076939	7,536669609
7,060961597	5,514690358	8,8813016
4,778731852	9,101879299	9,621763793
4,875401925	9,413016956	9,339903314
5,234646889	6,859413079	7,688161155
7,551150791	7,771837745	7,98991125
6,54959472	9,467673248	5,190155373
4,612035692	9,279934065	5,246826296
6,29836497	8,309220856	9,129598014
7,486735543	8,100003645	7,953702879
4,514121982	7,507825975	7,276890627
7,816657993	8,098871283	8,618298016
7,377689107	5,466833249	9,321867833
6,207931028	8,636808411	7,185068298
6,598035349	9,332754656	5,568328686
7,630446156	9,363539853	6,716996462
6,376568196	8,761619542	5,582066149
5,579266244	8,175145711	6,218495878
5,79564769	5,622292716	7,986268162
6,693073861	7,301692668	7,87035899
5,618165782	9,316398158	4,846182242
5,350532691	9,554041345	9,06627165
5,841530356	9,002743137	9,855408606
7,148328862	9,68703405	5,898396047
4,550812094	7,5053538	7,884761997
6,876385294	5,950315821	9,898208774
5,240907199	7,012441448	8,485271335
6,533594624	7,240865695	9,188995428
4,343895932	9,868638668	5,961611494
5,688220995	6,344514295	7,147521076
6,108546193	9,322664209	7,015014751
6,70341936	8,946074522	7,904149123
6,540008391	8,868240842	9,89434479
6,272057579	9,562373291	8,826577361
6,899359885	5,90219931	9,513974254
6,173366839	7,622272391	6,038486054
6,50619292	6,615665453	8,295322862
6,520818013	5,308561365	8,904063655
4,584994341	7,340918278	7,343520838
4,318722782	6,342014443	9,020906986
5,864024975	7,366241731	6,538305681
4,729094001	9,769291866	6,769841383
6,725980506	9,523708681	8,048490373
4,158392392	9,535160474	8,154342661
4,396136557	7,482786697	8,754056814
7,417759221	7,305668944	8,544027129
7,1722339	8,198479553	8,77468303
4,833447305	7,799267401	8,029828885
6,097390029	8,843250807	8,136552116
7,000490184	7,51068537	8,140580587
6,036407847	6,923047096	7,243008549
6,195034905	8,83612323	9,630341261
5,906308159	4,109089165	9,709278601
7,440167094	7,729053845	7,225273957
4,119350113	9,016253554	8,971444619
4,091355417	7,778145592	8,490987663
6,175239733	8,8323247	7,72253254
6,852047218	6,734496326	8,54427163
4,54754927	9,729421569	9,286508057
7,139482281	7,056219624	9,23263728
5,67392694	9,064854102	5,386652295
6,979013479	6,865373732	9,496136451
6,820274031	9,471750401	6,924202539
6,710189226	7,463425323	8,22431116
5,95499718	6,250359631	7,797406684
5,298918813	9,80728874	8,781711111
5,754870965	8,80266552	8,35751712
5,447363045	7,397841421	9,841484634
5,381843008	8,592307124	9,868850173
6,413545562	8,80653437	7,825845481
5,136115681	8,274657217	7,726190279
6,024813856	9,320576323	6,019858524
4,602563457	6,721816788	8,356599901
6,969633637	9,245232923	8,224951567
5,867453172	8,278585895	5,156823917
5,401412116	7,837344399	7,740821247
7,117072883	9,443927106	9,397969776
6,590606374	9,120832717	6,472453514
4,601382005	9,00307513	8,195516618
4,463008471	8,629252233	6,572440687
5,771416702	7,367437928	7,74991255
7,419724649	6,296589481	8,509033651
6,191393503	8,919116652	7,55990434
4,145700966	9,627548691	8,861254945
7,294055501	9,11926497	9,682890644
7,488748393	7,838857256	9,046337382
4,141532519	8,837553717	7,159971546
7,057766569	6,633814422	9,332363551
6,474579839	7,722854098	7,812960143
4,812079605	7,572087689	6,939379739
6,99902662	8,525581899	6,112683673
5,557595977	9,54407277	6,626939436
5,93247579	7,252165473	6,491886845
4,354471114	9,427664811	6,536783252
6,922137133	9,34414778	8,553319467
4,637825593	5,360906253	9,456212892
6,358531721	9,545976873	5,555309792
4,986189462	8,278893202	7,596992771
6,420744165	8,158966589	7,626054327
5,142496401	8,125150819	9,162859903
6,681127292	8,596640589	6,358981549
5,757846322	4,965931333	9,071334883
4,924004436	4,217927603	9,927758962
4,09375911	9,870116114	7,241636324
5,343273326	8,573944084	7,944834916
5,906378936	7,402740646	7,026976774
6,101018088	5,301826817	8,275858809
7,219047365	5,997989942	9,837636212
6,38631565	7,928551219	6,805089088
4,313520577	8,555851988	8,45280195
4,731128424	8,126654071	6,822530963
4,941422943	8,95291649	8,734585838
7,165695729	9,655822997	6,163580015
7,186220145	6,396217126	8,810632597
5,314279389	8,925858269	6,978098871
4,846780552	7,405519427	8,404386151
7,500871812	7,165527856	9,264547155
6,907107649	9,183019099	4,750262527
4,490448739	9,025791957	8,103052972
7,029241438	8,478349379	6,50886072
6,731618943	6,085022531	7,95400441
4,299065706	7,355134668	9,00987356
4,800881698	4,601345366	9,957792284
5,776827226	9,059422884	6,881911739
4,923418865	9,670737744	5,166486823
7,412479647	6,943541907	8,690700218
4,917491101	7,669119411	7,346961672
4,847189681	9,664392871	8,085649096
5,12560476	5,187074783	9,006008973
6,951215561	7,625816473	6,854373181
4,400286563	8,525941853	7,747088754
5,016527583	9,729652068	6,788975919
7,341490675	9,018018602	9,804573886
9,101518676	0,1795865	2,762118078
9,667478895	2,034693873	1,614859013
7,748571136	2,112380815	0,870508716
8,711590711	2,237330704	1,519828317
8,287650488	5,189587549	0,658294388
9,143536907	1,217012081	4,917015824
8,089399931	1,509194984	2,998388889
9,457803153	4,3478699	0,037666701
9,099709136	4,116083796	2,133101415
9,69067023	0,009747344	0,129731321
8,209870296	3,19739111	2,791384148
9,696854902	2,651699063	3,15091411
9,997186595	1,387992305	1,656195692
9,826223608	1,905576646	0,313666167
7,961013786	0,99400039	3,835132939
9,557790572	1,899812466	0,296204362
8,32763795	0,656989304	3,180132419
9,509395087	2,998866129	1,306428591
8,198738031	2,977185167	0,250177675
9,248674244	3,442133292	2,116280003
9,255879633	3,395110433	1,98311352
9,619125719	1,128446186	4,28892578
8,480634769	0,99527366	1,116060684
8,383679633	4,480259605	0,143764151
9,678692417	3,140430472	3,208369704
8,188652408	0,711276504	0,605497794
9,285933725	1,987180602	3,549005012
7,749110026	1,757269784	3,177682866
8,890894289	3,423731082	0,347322051
8,427864547	0,467000473	0,79398088
9,023739263	1,307315671	4,452162725
8,962329016	6,082747908	0,172201702
9,32352021	1,496788941	2,395940488
8,053576832	1,385996901	2,923997724
9,720867662	1,300321289	2,1274649
9,266735938	3,158982931	0,416912882
9,31111408	0,277524511	0,216363945
7,741333093	4,231939234	0,438089023
7,676694231	0,444651645	5,02777237
9,50399393	4,663852102	1,526712087
7,682950634	1,328201893	3,260876964
8,935797693	1,195712244	2,183329559
8,125488207	0,604894426	0,424179474
8,568311236	3,083017236	1,244367078
8,660834017	3,557453577	1,485679603
7,731794182	4,120097164	0,883969867
7,315107445	2,731077397	1,707381074
8,485616868	3,784440199	1,733874884
8,022572088	3,511967064	0,337123576
7,567114024	0,473162216	3,545664377
8,821741546	2,673769879	2,478430877
9,152431483	0,51354946	5,585232443
7,906021051	2,047906023	0,133902783
9,581556337	1,542932219	2,69833168
8,412549414	1,998558132	3,4102663
7,924248605	4,208409244	1,040866121
7,302875293	3,189108723	0,81796308
8,72493191	3,927598469	0,820387023
7,828551029	3,969033418	1,133661552
9,383866887	4,301964334	0,283130001
9,784996734	4,748599729	0,785240215
9,935841786	1,44416382	0,454231937
8,694573315	3,162147714	0,199668901
8,727262911	2,536146939	0,708192854
8,101622181	2,412875692	0,003483128
8,78906516	5,110707617	0,643780101
7,226477837	1,959587194	2,265613672
7,482124197	2,33394815	1,560607862
8,692276294	3,188975409	2,940327732
9,265026808	1,799403292	0,908426378
8,884981959	3,168377977	3,366882165
7,71205907	4,182183561	0,589143085
7,238814706	1,1117218	3,372596017
9,145130105	0,458580488	3,514405129
8,866365703	0,774354877	4,773639945
8,451957584	2,690805152	3,635143247
7,376730324	0,19344826	1,026041033
9,55560865	0,281879888	4,015283875
7,463038762	1,482339202	1,629841413
9,411905637	0,742104064	5,300813223
9,355005062	4,442892405	0,499369433
9,50857357	1,53865279	2,480748374
7,940437094	1,199055097	2,616853363
7,045786868	2,680641219	0,731197139
9,780029254	0,20323461	1,155813266
9,219379518	0,041651668	3,424219576
9,118615867	0,815367458	0,196672548
8,18383455	3,129237759	0,311809685
7,263621494	1,145327547	0,038293279
8,958764247	5,561657614	0,54190189
8,717877026	0,808877746	0,162942607
7,842944362	2,452799986	3,117406689
9,105622591	0,851382968	4,207829704
8,843639535	4,417140138	0,284144735
8,619682691	3,37629983	0,117744752
9,791607431	2,805497991	1,456521753
9,782179855	3,767173994	1,18489304
8,39466798	0,385810906	5,285747501
8,678311496	0,419335807	3,753752767
9,138809167	1,998745077	1,718808261
8,033098907	0,046188993	5,26945831
9,838812811	1,028786152	4,173149401
8,92057339	5,443271931	0,316264607
8,81368478	1,91876309	3,273738532
8,53714416	4,641001718	0,551410733
8,771191241	3,319535288	0,749668205
8,767357673	0,975030168	4,813903053
9,950891701	1,612990394	0,725511767
7,912332375	2,312759038	2,767026994
9,417499879	0,090858052	5,757688292
8,216009794	2,132412727	0,656014558
7,929692083	0,234925091	0,950445571
7,336232267	1,127137884	2,723191438
8,264690834	1,509683194	2,10307659
9,549688179	1,276532911	3,85459599
9,264241917	2,280775901	2,600382386
7,715962727	0,289686335	4,68459492
7,41685373	3,374352419	0,988685361
8,703358882	3,90609964	2,258364644
7,963253807	3,33415409	0,00465551
8,602199595	0,370348946	2,994420359
8,336065464	4,976732072	0,200566335
8,429753184	2,265967453	3,894014646
9,266533617	0,246175957	3,379101025
7,043070271	0,06928385	2,042035304
8,741472592	5,413775655	0,906781519
9,675023001	0,919787926	0,039806005
8,107023816	0,564745445	1,303496688
8,786730221	0,053832639	0,726090029
9,139951671	1,680557851	0,560194127
9,692274416	5,413535742	0,04370161
8,091000298	3,610724118	1,555365333
8,699765775	3,024282449	0,152999373
8,736804199	6,028777074	0,285890226
8,593807731	1,34424561	3,11286535
9,616366438	2,660485088	0,19567198
8,405436853	3,730928189	0,127089185
7,470776679	1,583966464	1,461099775
7,276105542	2,007977992	1,842221841
8,767347283	2,594804753	3,804731957
8,422570326	4,550253397	0,871508486
9,081130603	0,986777876	0,999367395
7,53327586	3,514687839	0,360433384
8,015195665	0,997584131	4,629187702
9,788168572	0,329196794	4,456125152
7,504005877	0,353415983	1,224344254
9,636419431	5,30874339	0,298545023
9,704477517	0,122493334	4,555848327
7,070417207	0,920629262	1,538908031
7,876309059	0,473175208	0,665321623
7,747266562	0,857812422	4,08186068
7,545499867	0,569772292	3,396548171
8,413068817	1,633199834	4,539431199
7,120261525	1,906380983	1,850289732
8,873158187	2,866364643	2,934749747
7,870319534	2,988540858	0,838205854
9,972814653	1,342577864	1,737084022
7,389720907	2,266121049	0,753356948
7,055121735	1,273317317	0,916990196
8,94272287	1,829150721	1,348191147
7,333405777	1,816722286	2,462231069
9,312961176	3,547258816	0,515243023
8,968327053	1,225212474	4,231930254
9,633904975	4,103208509	0,163152192
7,381189321	3,290976645	1,212097322
7,89880505	3,009131879	1,532717836
7,95396645	0,11511286	5,36750137
8,385691635	3,864235727	2,24927698
7,045656002	1,631412193	1,706798197
8,708178575	3,839548899	1,910449968
9,204975148	0,739048	1,282422331
7,560333369	0,900602363	0,862380459
7,982916159	4,412877106	0,36913011
7,629356874	2,621538232	2,32107362
8,654668025	3,364305711	0,474877143
9,467583526	0,182152239	1,388683606
8,998506034	0,344808893	1,110127257
9,807183576	0,94560398	0,580127129
8,815684657	0,788155411	0,778310149
8,910425787	4,326720986	1,923774527
8,715779145	1,386594177	0,668170575
8,967283731	0,775097332	2,487335962
9,481957213	4,482108772	0,94581119
9,083255879	0,837796515	4,570609319
9,420466692	2,149463282	2,642877761
7,599575474	0,78349342	3,361606611
9,630778343	0,057153376	5,741690778
8,893003477	0,638485413	3,940061101
9,617881608	1,118431963	4,155723706
8,598706695	6,039846545	0,251504254
7,606718118	1,854063071	2,220079497
7,93644712	3,811907365	1,852181256
7,523004044	3,083887018	1,037879975
7,776003973	4,023009261	1,257757909
7,205485631	2,255877968	0,816823592
8,845488079	0,283801469	5,958591995
8,731146974	3,974182996	1,316510196
9,283473695	0,424468116	3,772747712
9,068969491	3,139158927	2,691851866
8,686754165	0,076891878	3,460641193
7,612980737	0,548676287	0,195848057
9,422125409	0,160645539	4,544383523
7,82808463	4,04059476	1,697431778
7,5968338	0,249334971	3,550720973
9,704802163	4,391351053	1,944982352
8,561418794	2,677890854	2,481031951
9,393224719	1,260200148	3,26565697
9,089167658	1,203378394	2,074143434
8,360906255	1,175619338	4,408577377
8,223817203	1,731406538	2,122319054
9,339607023	4,066642436	1,638600603
9,696331169	1,260278073	3,865013434
9,486415866	4,240601156	0,090813557
8,889995823	2,441087793	1,723857208
8,999042566	1,59086633	1,582615638
8,535067385	4,748623327	0,778173575
8,486133544	1,640461517	3,409033084
9,000405491	3,244876308	2,584443584
8,297440294	1,755461068	3,602034835
7,563117895	1,218617212	2,615331694
7,640998167	2,351313847	2,966680909
9,056002943	0,385053915	5,867026428
7,114470652	2,420804651	1,263681401
7,965345297	4,69054495	0,525398857
9,794903963	2,853966624	1,028471621
7,89907588	1,751676685	3,174649683
9,025231774	0,472425985	5,357849075
8,515017389	2,474223048	0,031295885
9,900533866	2,347568115	1,717593597
8,303027747	1,932425256	1,523564116
8,470690076	0,603612825	4,616981351
9,684596551	1,191729013	1,784244316
8,999081587	4,298532366	1,17336376
9,78923397	4,635799636	0,873524075
9,972273475	2,406532646	2,952201094
8,816703289	1,353547949	2,200769389
9,019556986	2,291505036	3,826571094
7,714418985	0,828648938	1,624147591
8,069835346	0,32892561	2,375440404
8,39980582	2,571151336	2,528955006
8,530533745	2,604263499	0,032330611
9,309079951	4,529345732	0,156513268
9,439890351	0,09332614	5,187832611
8,463587653	0,618733303	1,777745948
7,530944376	3,749577607	1,315660213
7,844110595	0,045670514	4,333753191
7,541970179	3,233287932	1,14232715
7,602594881	1,903771591	3,484142796
7,382642793	3,638638309	1,112944262
8,830851865	1,052612778	1,981410359
8,780439465	1,633183762	3,464375476
7,227366436	1,759470091	1,915645892
9,22375016	1,181016565	3,924142465
9,597400916	1,774469799	4,167301644
9,746071803	4,158132027	0,804741931
8,481297349	2,254814391	2,222832031
8,240645943	5,005030865	0,037072388
9,14535853	2,564382051	3,163969355
8,832914099	3,210891414	0,915384286
9,199260241	1,365313051	0,771869466
9,588830926	2,38638587	0,175601352
9,368160158	1,116701583	0,689642959
8,594340221	3,471448036	0,744153245
9,610229455	2,374804282	0,962610963
8,268462977	0,541347617	3,651805922
8,183146648	2,531664828	2,294059908
7,231441536	0,544217018	3,922877422
9,734199669	1,68483562	1,590040514
8,511496128	1,664464323	2,753711221
9,770254388	0,677007738	2,494718777
8,551553125	0,312711186	0,733823302
7,850122061	2,98040675	0,403177155
9,680504923	2,242460954	2,494144189
7,485333922	1,953957876	0,957528102
8,51633259	3,502292491	2,814781602
9,190397254	6,313288644	0,209028777
9,874439083	2,272506636	3,877071973
8,490122877	0,352283885	4,240435971
9,47681715	3,593027463	1,339829637
7,537171065	0,42738889	4,298178977
8,731977559	0,069182666	5,552654662
9,80470232	3,421677149	2,015926711
9,664684847	0,557894277	3,41355785
9,105484833	3,316926068	2,785018133
9,039462607	2,374749256	3,836683871
9,110213497	0,010737981	0,515623053
7,917740159	0,160321564	2,480999203
8,783575406	0,976186922	3,506834552
8,209492995	4,704179621	0,028510265
9,375977268	4,209449355	1,84130109
9,380278968	0,029137598	4,347583389
9,74714272	1,638473846	0,39962615
8,996845891	1,075106883	0,605867498
9,370826164	4,238379621	0,746739574
9,45600717	2,904288825	0,40572651
8,831119829	1,706112153	1,173738061
7,319161921	2,027582934	1,428179778
7,492255378	4,59356227	0,356530382
8,014591936	1,025407742	1,324108244
8,748867975	3,841124955	1,438222031
9,878759775	0,840732414	4,066626936
8,556798453	5,284810085	0,529455576
7,292219092	0,48145868	1,347782227
8,894008235	0,009857383	2,41137899
9,418834426	4,29133663	0,483991778
8,96343902	3,292671839	2,535747666
9,188737878	4,772126297	1,800237346
9,103564764	0,433124606	0,599896386
9,809234685	2,360383088	3,565366465
7,503161592	0,009872036	1,347311743
9,581826654	4,209850599	0,023000292
8,91838443	0,898420333	1,78206296
8,806937307	2,688532569	2,78148621
8,190387158	3,4190169	1,531267058
9,136912248	1,945064934	0,545041101
8,833059397	0,822522337	0,080753415
8,038028237	0,91548992	4,100023648
9,621160239	2,217667495	3,723933357
8,078881554	0,841108882	3,136164521
9,279248477	2,178732505	0,431864684
7,265728822	0,887927298	3,593215658
8,504932998	3,876224942	0,650848415
9,375311877	0,346640597	2,998149083
7,197994988	1,048929245	1,183572469
7,483563685	1,560712403	0,83754198
7,25126828	0,970222553	2,421519076
9,150536925	5,653553125	0,180771525
7,913858631	1,601505588	0,043646924
9,444372535	2,241119692	3,509689732
7,736062016	0,622075162	4,000379326
8,09223671	3,849985344	1,609240153
9,59897808	0,532590225	4,618010359
8,849511329	4,399298238	1,66970488
9,172335294	3,222827582	1,518682581
8,942389363	1,338142543	5,174393988
9,703074655	3,875940028	1,989727614
7,946910059	3,460430235	1,81764649
7,13179075	1,7109269	0,508990266
8,112495573	1,384736098	0,511082842
9,393928699	0,379037669	5,773582462
8,161635149	2,708130047	0,596174152
8,348223649	1,05798543	3,401973087
9,017989912	0,219640336	2,262780246
9,935896554	0,647014485	1,111127636
7,905027504	0,545410792	1,769706558
8,930004741	1,352199326	4,332466309
8,615943316	1,005180317	1,034167615
7,742383747	4,850088578	0,781792358
8,949578948	2,22125195	3,942436269
7,149070401	0,276909852	0,929093978
8,373674769	1,751357523	2,571176123
9,261224777	0,246951623	1,428824949
7,903202327	5,190296146	0,600265596
8,466945114	0,8372407	5,43960911
9,114783792	5,746403956	0,519793251
8,41621966	2,623073936	1,097119282
7,121742495	0,939105558	0,437864511
8,066596711	0,964485481	2,669356169
9,181128411	3,974095767	1,292456039
7,532870762	4,265103789	0,998292876
9,075989932	0,862917781	2,406507305
